CPU Usage,Memory Usage,Disk I/O,Network Throughput
0.907494182157994,0.6239534141586459,0.9164755276352468,0.9224095994859334
0.1463308761249904,0.8655235561848177,0.5447912025252699,0.8086483240770995
0.2367124241610649,0.7458379890923587,0.7425573692559309,0.2767772942848157
0.1796432518467275,0.7904694600380142,0.5160660049005465,0.6432734805034376
0.2844858658742388,0.7597641664267073,0.8882947751653513,0.8420243658440941
0.2078788306003145,0.1729415943168831,0.6037801152745443,0.9394394573194852
0.4530196405897591,0.7007949093623234,0.3091458907504431,0.6168588175811899
0.3805399684804699,0.3096635272782704,0.1609015257100014,0.480455773204539
0.5485309954655317,0.8305928092811238,0.4580529629519412,0.5132116209580129
0.1422693700975495,0.4791232479646647,0.8755218134086107,0.4776646445261293
0.9502891568941852,0.2096974840032528,0.8507301373006082,0.2167110804018118
0.1406968030955704,0.2762001871151915,0.6639332599838892,0.8672926791213734
0.658119338021383,0.435926612466406,0.2829007819774786,0.6461622599861252
0.9014745526659056,0.7797433784471272,0.4240454193108804,0.2390429836044332
0.2231970670619265,0.4961790981599415,0.5624690177860909,0.6955468143795609
0.3563564449397208,0.3403254431524792,0.5240511090395332,0.3419681629439741
0.3906608256471213,0.8215552747628126,0.6553598645060211,0.1618423099515649
0.785359568545725,0.5640364257213253,0.8440366237673387,0.9916112413591892
0.9255822179160184,0.960953158975112,0.2415458873617438,0.4009610610898738
0.5218238438154733,0.3310989109484571,0.3508838851730977,0.2325480071968818
0.4078735738443168,0.4382994566311924,0.5505432140392368,0.2479649761709908
0.7755532764767725,0.9728389405706902,0.7350272763794421,0.1350813885950174
0.7642302547837334,0.8070864562722088,0.8263638134800327,0.1354526503235374
0.6252905006657848,0.657541311408653,0.6195511263098181,0.8766971482229848
0.1664169082618589,0.8270613477471327,0.2175871094411166,0.9648281322359422
0.157037473425491,0.4955605197696191,0.7931423905813864,0.952445316610223
0.5670259347545538,0.6783086795816724,0.7560829554902347,0.9338174181605664
0.9746038744488646,0.6331670061935658,0.8723593478414475,0.1616128474002202
0.9409303132921134,0.6952335499633729,0.781579186420995,0.4881104828124021
0.4502815108607468,0.8597534040722774,0.428134355377786,0.8722209439065063
0.1130901991010937,0.3473254319933225,0.1656116518311131,0.4767465474264969
0.5625905402438297,0.6279476168579267,0.4645924250748098,0.3824879470502235
0.4248765072460241,0.7762375774261411,0.2185435257211842,0.5432818426428604
0.1549701638693774,0.9947254250990508,0.4242105269203851,0.6011064198353692
0.8989337644824698,0.9566306068809152,0.9603269460597872,0.6621526433030784
0.5244185696951426,0.8026854274615959,0.4132860338514593,0.735621546299736
0.2916677453580196,0.3131835030770338,0.7363778295400283,0.8401430900668189
0.1323480464170678,0.5659404790462403,0.3491328770121752,0.1681297545788087
0.6535065040292528,0.3420940639915879,0.7964916901571407,0.2838847450590732
0.2631097595490941,0.209246445480186,0.8048785719687633,0.8511146112300649
0.8097374901020776,0.5931635400763237,0.1559829035482325,0.8478542539495615
0.6701303978435326,0.6780929733147046,0.7788234337138726,0.719241001366716
0.8475574670089562,0.1520025048967299,0.6818128674741374,0.4059746774139233
0.3418096234464515,0.6293820402535515,0.8260241677252653,0.6431759258510088
0.3507313051287628,0.3910344059039686,0.1488988313406134,0.6137896751555286
0.2534717113185624,0.6366428906338477,0.6087972291144489,0.4765004776920521
0.1757259684955439,0.1221282248129213,0.1996485339936841,0.552819225296386
0.6664587743217363,0.8360507945575194,0.3481908114262212,0.2383219385597841
0.7727238443203809,0.5822449160257731,0.7183173398529185,0.8836021307129659
0.3674095440608576,0.4260118974870596,0.605865514962314,0.1362322027083089
0.3038461976781441,0.3338232229577438,0.8701635330152077,0.2444163528441038
0.624737404872723,0.1317802194462151,0.474909245634063,0.3260523407935611
0.7593148874892253,0.3457637289755312,0.8075850870349521,0.3477152629333074
0.6225295152502391,0.9352752762934448,0.7849071311458529,0.940374480701323
0.1301791912622014,0.2350437982245858,0.220847365812048,0.5435376260795421
0.6846696091424932,0.6890600928530217,0.8854784556095151,0.7468656560681772
0.8677085099206241,0.6549852830686642,0.2034396973536101,0.6682770290965387
0.2098344113603009,0.5855421631378035,0.865554452057024,0.2614282138109894
0.8052877114670287,0.2512127869703771,0.9154999019192472,0.5842204348275126
0.2997749457396545,0.6085197935731145,0.2675223079780131,0.3082425727391632
0.5793555398095208,0.4593843242283774,0.9694427546158096,0.9286656853083718
0.4272666421413645,0.5325279195939833,0.268670749687824,0.5693041217501921
0.9593787525968748,0.978278730237218,0.8414113457991652,0.8037639794421633
0.7938209833712397,0.8223789788161394,0.3114760644963575,0.8250839248270078
0.9548199219627316,0.6471145835141001,0.8622719687863544,0.8626491375142363
0.6258828807307902,0.3921272469102432,0.5164080445588541,0.6248717238493878
0.5433625938617732,0.93785382595628,0.2252770312111259,0.2506213290131029
0.2076348213444715,0.948458596721613,0.7980506658327947,0.5052288215286013
0.5217945777947136,0.7088620471995218,0.6636108892789574,0.7217955788957405
0.1228477200943103,0.7595213902896255,0.8023289527061935,0.1377236950446317
0.6457861536936309,0.5397788713641992,0.7659137086902373,0.7092467046971536
0.3266191530162575,0.5153297181622608,0.9830732762477042,0.1097299752716767
0.1045554254615968,0.3462639996534993,0.362996407415708,0.4952895411247456
0.8889882423925105,0.3052717947540392,0.1650848277321447,0.2296709074118796
0.889605418042883,0.9388252949590156,0.3735517611166514,0.3249612517578591
0.4568885040891431,0.7631863704497639,0.3893461311230938,0.8560972705952798
0.5704595464437947,0.2984375881631578,0.6198340292930418,0.9793062589950492
0.1768147012707794,0.2093512386708262,0.8087941772729014,0.9740358166314572
0.3321125443404458,0.9780491807739234,0.8519322031679749,0.2129376671192356
0.7734337213452925,0.7575854592153215,0.3820131258266288,0.2576108261173179
0.1916042253583633,0.9929422133409814,0.6469769100274503,0.5960439657247348
0.2118675011369902,0.9853110327370722,0.8623547442855095,0.4985183228893637
0.8862207616960995,0.3997017217523781,0.3846431347563761,0.4306516558273634
0.2636920759592304,0.2155548605087127,0.5972508706671003,0.6109545861379491
0.975709499277201,0.4578349581665148,0.3711387346840004,0.3173831575315136
0.4373835215713336,0.1433908349745004,0.2811808970401899,0.734625231013507
0.4826921540223101,0.8147775981493758,0.4338469073419887,0.9912990734142836
0.4498095607205338,0.8863094027677049,0.156045795293697,0.3675617112766003
0.9649632857225096,0.651645624245073,0.9558357350522936,0.466973294502459
0.9059709056465804,0.5271677881748326,0.6452013245074213,0.8259985477241348
0.7587945476302645,0.8856512522887674,0.915629122468933,0.3254211089132491
0.8576458990824448,0.1560626183170564,0.3726241559498734,0.9357675059038548
0.2679103216461752,0.2047297580969285,0.7647377123190976,0.1224744959053446
0.4937274298213562,0.1859817824512013,0.3529040490178422,0.700491103474763
0.199046732074909,0.8285644672523903,0.4759848813475897,0.5130464649371383
0.9863570790661012,0.6942724477312043,0.322606284237175,0.7228101303519893
0.8767930832880342,0.8077105129739969,0.1244506791030038,0.7628817055013133
0.5090869582909959,0.5900401881647646,0.949637884442858,0.3493112718933809
0.6342332081986438,0.2149421352717113,0.9611198339358576,0.5385388186900457
0.9874009574405838,0.723363357003548,0.333401407585385,0.823972653709726
0.6428368985197493,0.4689144007266594,0.410807757020399,0.4536055980038611
0.6767872703228931,0.9921303943319696,0.8235626567972683,0.2579424646432217
0.7044158760335196,0.5952038879406356,0.4667887279291878,0.5360841955720098
0.4297256589643226,0.973952420648831,0.1470320913574214,0.3992105414338408
0.190700201239684,0.9742555846374756,0.6870624837327457,0.2968440516981345
0.4465879557417327,0.533370116361295,0.9186641374929332,0.2038551779610256
0.5158052232797194,0.1599868365046209,0.956286829325649,0.2068381859582003
0.7111920872300407,0.8434608672272755,0.5503610311391811,0.4869866927089538
0.2052082366375276,0.5817791183073325,0.449349135514296,0.9060065633186548
0.1824238659939707,0.6912596406404256,0.8787661830180211,0.497896331211748
0.5330260916693358,0.5945765823055152,0.7956293336885035,0.3389467666861651
0.7627998120622506,0.7971881780630636,0.9795771171923532,0.9727512695181794
0.5432659244369775,0.1280206745960602,0.8670374869520633,0.1519589433026055
0.8458637582367364,0.7914460724780664,0.8257632555095555,0.6391401284353434
0.373818018663584,0.2625178106146002,0.4126089936329584,0.7594291455312524
0.1177394839789277,0.6726622185813232,0.2863682282897697,0.9623062080274905
0.77496442335926,0.8343522450717555,0.3163590216041562,0.2047226366480463
0.5605096979040995,0.6984205520384962,0.1039269426852781,0.5124912351288179
0.9585357193023286,0.7989371675125676,0.131203240053835,0.4860499000871299
0.8725714766587106,0.4877987712956253,0.2390137725009914,0.8428740977115533
0.4155288029259373,0.8403528866623106,0.4625859543693734,0.5125882817182942
0.1598466406300997,0.372947632810836,0.8023385112138823,0.941936062174746
0.5261245937025091,0.5163606610653847,0.1639068980799299,0.6209260790607465
0.259399611466344,0.266972964132809,0.3155591529185843,0.6011905988548863
0.8983777818386056,0.7746866485686322,0.5919833981690097,0.1923111663252308
0.2569297861044923,0.58598684174427,0.853337012718646,0.2670820344111187
0.2257951389636605,0.5584799153348108,0.1591253730589292,0.1556276146203004
0.35366929729606,0.6336557662914347,0.8185423064665173,0.729053945638647
0.5920392514089517,0.8830889865108369,0.5891843956083814,0.4578511406975835
0.1843072910452832,0.4891013209383417,0.1868810231758967,0.1751989037596207
0.6231143992803511,0.2216496602393405,0.3806774721251948,0.7010811160307321
0.197102284293974,0.4151127332500571,0.4563734253962094,0.4902245133693529
0.6186595241501318,0.4179262676518578,0.9493314335381988,0.8368662065356457
0.6715842857808794,0.4113414932922666,0.7108029610053083,0.3438484284847288
0.9910484650938368,0.8178031905734693,0.6417310879136184,0.5570245575629013
0.2249444553844691,0.7231925361919327,0.8402813149457771,0.9563003430967828
0.1640697836142061,0.3225079669628593,0.7056699601549892,0.8334457556864853
0.6011211362125152,0.4872753054095164,0.61459511684349,0.2285577683328987
0.6503088118911831,0.712205001287518,0.3335876048584813,0.7649800094197294
0.3442141285965063,0.9856751222793656,0.5612523838932986,0.1828602874742279
0.9073992339573194,0.9719900697571224,0.878107248570403,0.8886874898280803
0.7264268170074757,0.5424350920672932,0.4873846692888912,0.2856269024525373
0.1407045600194842,0.5318880582735179,0.6858761204358588,0.1680252524686603
0.6928242684570505,0.4947538772706314,0.6513161215103372,0.9170546624951806
0.1572025152574213,0.8912064768059482,0.9182981852754042,0.6288272839984617
0.4001492545220297,0.65351167123498,0.6709273199845184,0.8251430731013961
0.8291020552112627,0.8741101574702841,0.4460601948803313,0.1089808989926044
0.6609683141448022,0.1804699020810335,0.1586841321344428,0.8946944423467957
0.904503324745862,0.1987625788097531,0.7369492152407747,0.4869618578018395
0.6680247633975366,0.4684006056835387,0.3699272003562862,0.3001251742733533
0.1388439207555185,0.8906640051712131,0.9185091498435178,0.6487276826373544
0.3243630062339874,0.2565057242975386,0.385085509360774,0.4909629871059487
0.8517722460303142,0.836170321707156,0.9811944442136392,0.5419861564448486
0.8153301731874836,0.904689283311221,0.768873878858443,0.5673021137021846
0.4122578817066049,0.9716398998349454,0.1858593495818895,0.5339188890278577
0.1995685632596865,0.513502091565388,0.168615296176208,0.5920261138649171
0.770895526765897,0.4241227667243672,0.1471195181687251,0.2536375269812322
0.247290348579134,0.6536974944079098,0.5356693627391814,0.6356915507141873
0.5079599512732249,0.6905456539129643,0.354230869579324,0.6506479180928992
0.5664966871273631,0.5096981341736211,0.4990420129412689,0.1163116369411567
0.7049219926652907,0.2427445947637663,0.2277747907848945,0.942652559322034
0.3852298046406499,0.2126672129822954,0.84635811938508,0.20548351511221
0.6632739241428127,0.1360982722712342,0.109118065624969,0.3173505651935501
0.8669633502866861,0.6414506381316981,0.1998982889121833,0.2234336393374688
0.4961372443656412,0.3837613040475492,0.3258699952062682,0.5668308949425356
0.5793304892964273,0.969239945037898,0.5691664428887251,0.6503172501030947
0.3629301836816964,0.9319565758388774,0.9431402158297828,0.7168994948997114
0.7443750059626578,0.6313129214128956,0.547785866931492,0.2513832901898664
0.7270634488277355,0.4519733829865846,0.8718061038951553,0.4891116037630125
0.4684704869721163,0.4314785774561634,0.9701609498193569,0.980519308351171
0.2033531422652831,0.4307809800623783,0.9671493167988294,0.4105753709619103
0.7718422646062217,0.7124493718672418,0.353369078573437,0.1017929216971632
0.9659552936270878,0.9994723531936,0.6585944318421256,0.2614204092603169
0.583395887636693,0.3728155203507958,0.4318364537783157,0.4580791327156844
0.8438117194969674,0.7627618135590765,0.3800957455570543,0.3939753244833198
0.568276930813414,0.1390712795693372,0.4663958402130649,0.3721775601506828
0.5854080177240857,0.2165634291545237,0.8941747315666049,0.2929658346938481
0.8194693590181383,0.6857896321424748,0.1034379303927248,0.2287010103991537
0.3958764492587574,0.5470901729732525,0.5044147678356778,0.873815207330481
0.7252268237689841,0.2430173509024182,0.8200031335873132,0.2900133483022337
0.7695516633154093,0.5394170233196004,0.5029060828693765,0.3591508084083932
0.7283455426177706,0.5671736066225963,0.8447670298956728,0.3578675940344107
0.1624251707876489,0.3137889924314899,0.7562561387945032,0.725176863004355
0.6867651335523405,0.2472614390725022,0.116205900040409,0.2613279301653527
0.9525550056506338,0.5665672197506837,0.995337364569356,0.9825114043546512
0.4334248925122438,0.6060671342901188,0.4904356776188766,0.296386781096955
0.730872218313208,0.1269762308854101,0.4505337054121783,0.4503074245226096
0.4537879522000844,0.346793682113803,0.6385217358679829,0.4188441944954941
0.378574854657695,0.1230778592257921,0.6161760563100159,0.9975141099132424
0.5057554342637189,0.2566984018006759,0.529210095821173,0.1453145742724179
0.8339152856093507,0.1160865412600724,0.8900470703368367,0.3439866283876592
0.4417231673505402,0.2339992452992002,0.3735482610295246,0.3926900766485902
0.6930315477191362,0.557524492224652,0.2842120981515555,0.8913971941106266
0.5547271352030715,0.1330042842401886,0.4686660054057088,0.9990033508299616
0.8491983767203796,0.949653405717952,0.9157937080099698,0.3760989395699271
0.2693090437513852,0.1658763313915993,0.4478864561407251,0.89462333486685
0.9556428757689246,0.5877108526405224,0.3222809191647998,0.8170132574722351
0.6360748665470598,0.1552146643996013,0.566164474941321,0.74444497591793
0.355398315218852,0.5984220166411387,0.839961898134781,0.4063704005028337
0.17983228038135,0.4194966752487435,0.385828115735005,0.3507787568035327
0.3565856518244624,0.8357047376420724,0.384064609387015,0.5041348911371133
0.2404167763981928,0.8259050330753047,0.3447547535157679,0.6145713848293738
0.1670955793117937,0.4191599418766989,0.2482357180890663,0.3258037411219923
0.5485979790361516,0.7378702279686787,0.5119296446433645,0.9996019329253948
0.8266961396476563,0.8998732718820794,0.8232431818973817,0.3437256952332753
0.9071095689154106,0.751904935415867,0.2285883652054705,0.5406620158452203
0.547523655303147,0.7102145373031572,0.7392185187609803,0.6260040187816834
0.1506729481136536,0.2941076371579454,0.5400080486132063,0.7274222253026283
0.2998970294236572,0.5462881615708938,0.1113467679781831,0.8406854245375908
0.9458489112521276,0.2936816848155137,0.7067172659824567,0.9182577376482272
0.5789021367387841,0.8159049647107562,0.2502577798724789,0.4160974486139028
0.6317499345121097,0.1707206474395186,0.2764879414645537,0.2831254682478362
0.6564292943772664,0.2577726481218937,0.4395862485668735,0.3247020574662072
0.3642326598380441,0.3624963208383729,0.5611273997912116,0.719768466377088
0.1837924910253093,0.1606155413218945,0.3342581718094027,0.3770162485126711
0.1117017311596624,0.4198461118171654,0.4827053668939245,0.5862668786112766
0.3957980908329244,0.2098989226090241,0.1350964113174204,0.6889078049434477
0.9699893371393026,0.1292735615421267,0.8482361629471389,0.4707622855306917
0.27571868901824,0.6865001428382965,0.7010242149037659,0.4519295822146588
0.9082488604966424,0.8618629048212503,0.9264151780078934,0.9446339423927392
0.91229761601161,0.2508572946594859,0.1645406999628859,0.1854261431395027
0.4348162772135049,0.2527821145787867,0.4874764046159868,0.8993063700406322
0.5719512423948221,0.2596858925227362,0.9554132535177662,0.4361121506194347
0.737265320016441,0.5404824672788264,0.5388140743060459,0.1466522192077561
0.5891975750025897,0.3338318878705308,0.2322664386293887,0.4700777399942912
0.1745188011326138,0.2065025718310486,0.2757165426608428,0.6165548794621094
0.5680612190600297,0.1219607034008842,0.7370515875067918,0.4118717511574464
0.9168098265334838,0.9954170403817918,0.8139352153944289,0.3328404779398969
0.6770328695967676,0.8567844214833303,0.288266918867135,0.9085478199256314
0.9881982429404657,0.3585150924886735,0.3971935583843478,0.7084236592472928
0.2375732252658988,0.8662824619705861,0.3657713298146495,0.49436075192351
0.7872452147437847,0.4523731283600464,0.4803662773122482,0.7039838413773785
0.5100910775071417,0.3137897177868947,0.3572051999732831,0.176108840287514
0.6542650882469948,0.4829440010032678,0.7017153820506227,0.744757400762289
0.930249443059566,0.1108976277113987,0.2710968848053549,0.6111768675844724
0.8984914683186939,0.9920517635232788,0.839892844540203,0.6246334511238368
0.3360376398698426,0.9466113206038064,0.1226740725633064,0.9138189622668086
0.6355701376302293,0.3333670829791963,0.8550975949462096,0.4372497734566388
0.9322242564507064,0.6693597038205533,0.1298704191061836,0.3788261877902221
0.7862128171666215,0.7636213696490197,0.576693751551058,0.6364737597144754
0.6083570199363548,0.8577986976010554,0.1324169364622837,0.462886980519927
0.3089914256321355,0.4745385983617853,0.660172277409397,0.1061901659976843
0.7195621567849624,0.7551453762763887,0.146501849492165,0.1858248291457032
0.3057785249531164,0.6105809976660131,0.861329295709959,0.2322297312253937
0.5054897217790841,0.2632945129260642,0.7780851300312722,0.7065947873311573
0.771440391338881,0.1959337272771916,0.6610653623434961,0.6723462941440398
0.3901184604772507,0.6767436832211856,0.2081865062085186,0.7651602783454353
0.3913113127638193,0.2573547645343713,0.5778439105708845,0.8441727048754778
0.7925436398727432,0.6456276439758797,0.543578126002702,0.1595486699509964
0.5284453619791897,0.1235770376788583,0.5466328775941254,0.4579159729897493
0.2559648880637612,0.7584305695797987,0.4551184680378818,0.1047821281015113
0.8184656610700977,0.3178405142762747,0.7692345245589038,0.8589935510090948
0.2446132359336001,0.9375356931795248,0.6864757844295489,0.2446116262406606
0.6347176438169216,0.1542406512606047,0.7232791883833972,0.3064291993339051
0.87084085706949,0.6208078677151541,0.9219582528186132,0.4823657585812783
0.6973040488263833,0.1217725875022197,0.4424659388829051,0.9764203720214344
0.9050970042046824,0.6576304037138566,0.8351015198550724,0.804968184660443
0.5669542514134649,0.9710740313605274,0.7944642198807469,0.6198685789099804
0.2304053848821008,0.7277243155023553,0.7408126182977027,0.7349147472551376
0.9878637239136816,0.564111484926848,0.8921410641293366,0.5511480801631564
0.3291765892873874,0.6576291594080467,0.115797127029966,0.3534544378950686
0.3898712490248605,0.8578299649387792,0.1948284300257708,0.9175910966914378
0.2602323701827763,0.495464490725007,0.9265837889308678,0.5280365726398075
0.9464127259176228,0.8817608511600497,0.8151204508301713,0.4741975931709897
0.6179267600882911,0.633115295734026,0.2279234114141119,0.6935596917766932
0.1735831287539847,0.391900377803838,0.7668136505368643,0.8179590370133926
0.3156057016002752,0.8533119955273049,0.2563854338221694,0.3235452478688868
0.3466496986184854,0.1526958363195812,0.3387935237999203,0.7815546804479506
0.8794575005503675,0.1164093244087254,0.559389240103809,0.8352765165446531
0.7929941977887498,0.2507343240331627,0.297161928191672,0.683486206706886
0.5801149827786893,0.5390686395337262,0.9011270236564132,0.4078968587772347
0.9056861539184794,0.4128143718150838,0.733471382470898,0.2368437106820426
0.1879049026057455,0.7522900943758853,0.2361221458614411,0.9823318668479666
0.2466409843732867,0.7527318943736229,0.8863287341197106,0.5563536820648465
0.8403405045936925,0.6107867634354023,0.2862933205945841,0.4504644450809878
0.3805498610159934,0.8599213744656543,0.1070574316947251,0.7614332626554048
0.4320222756127951,0.7210044017385991,0.9676705748410972,0.3369226118662101
0.2478392181378936,0.3756282587079504,0.7726999659370246,0.2354250439053977
0.5874707931947802,0.5328756008975114,0.9863725624862284,0.6935553834861944
0.205975974601127,0.5484301140371083,0.9569996071278352,0.2538427621787634
0.4583518242318489,0.7971704025740092,0.2998682836239885,0.3953615345178508
0.5987602022642141,0.4008144868264547,0.6413984913698416,0.9081681821630097
0.9473183278988726,0.7598017201737529,0.6194798980610957,0.9451616315052624
0.4776400561850109,0.6928369979507885,0.6727612331650663,0.2262920663741635
0.5519755092981183,0.8982324101883425,0.607666625950166,0.7432779487995512
0.1466411831401842,0.4892480904971188,0.9784124409512922,0.710649971463374
0.9969731533665148,0.7445356068008742,0.3651574567115738,0.3936285262370321
0.9552136184387222,0.1513492490361289,0.3610409787661932,0.5769465282372097
0.4392499864824168,0.4727167772760343,0.1680445365550757,0.6201020014246795
0.9096171159471116,0.5332097364717913,0.8031896701725746,0.2912025494759256
0.5164118071026458,0.8447841060101868,0.4291126734352342,0.9139237974944716
0.4134299203209703,0.5065909108635063,0.9363052482686685,0.8759826762923699
0.5646703134710758,0.742678238919185,0.1783834901161943,0.4352799463835958
0.640465174390288,0.1797403867116555,0.844755687885899,0.1213369782800665
0.6598780302050862,0.8765173697889057,0.5287932877094125,0.9905060178685507
0.6318036488694176,0.3583343198574215,0.3925936138885291,0.4687039480383934
0.3947476169601231,0.6612271192024838,0.6797342993283243,0.519669471645837
0.2632918915808175,0.7848916840252844,0.1000104712798295,0.9235546592655002
0.382920382968694,0.8954072964670832,0.2421593405518132,0.923093797463703
0.8701268212956572,0.4613448842751594,0.7242562517264157,0.5781646165158387
0.7994322243346931,0.5474572876075846,0.3432229229177049,0.509287908297395
0.6700607688850532,0.9890069681933986,0.6272783096081672,0.4661243208565512
0.7854576537958459,0.8927836832790356,0.4131472704239499,0.1576057119477588
0.2231367678270652,0.162062214720779,0.3788090732881893,0.4551150837870314
0.6700633808593811,0.6336459413575328,0.6888632970924656,0.2793433028201207
0.1910104085105112,0.700177831791494,0.3595648940368712,0.4980644249060217
0.4067231862277161,0.4033028587881576,0.9010873316654276,0.9108648061214212
0.3528410587186427,0.4792213020493632,0.1467609197988416,0.6836543381068193
0.1706107432080393,0.9053349904544749,0.8868002722166582,0.6910565362494472
0.9723722820571892,0.8180322839727711,0.2123387325701634,0.5396460693939148
0.4041956411663823,0.7322184734896936,0.4256677838846249,0.2650979767630911
0.2053603147848453,0.88112646506802,0.8995633050778131,0.6282428559030163
0.1769576777690212,0.8054126060368575,0.1338139813590166,0.8601993181812019
0.753147557549524,0.7883949353879154,0.9037811846758734,0.1561546617384495
0.4395557467941604,0.9343008711318658,0.7322864513813263,0.2867868425851331
0.5608837524693528,0.6686321743150015,0.2573932934583635,0.2435430362872224
0.1462832321358253,0.4866911314650416,0.1102761851086662,0.5948817064985847
0.8865010698062638,0.3953734782483804,0.4323526931939869,0.2467172024333976
0.6690378591275773,0.3021540506594667,0.4345516597621089,0.7154798066518089
0.6618141963225929,0.2233987351560991,0.6723592364473556,0.8961281994066523
0.2069361246412647,0.6929969232093914,0.4616009205888918,0.683775061091934
0.9669002854965502,0.8041469356524461,0.5887221255618968,0.2527555857192308
0.2042821535726167,0.9549650655552028,0.7948112286789913,0.9502626329047716
0.2678666593598688,0.5567209603847526,0.2136382674080524,0.1948538962970247
0.8362132893302437,0.1782880839202691,0.6712041459285473,0.7055845017382718
0.9158248998680922,0.7842608408099215,0.8300113929401238,0.4621656333693805
0.1228772140696856,0.801626026210078,0.8181227436543047,0.1074879480044728
0.3741523922560336,0.4058874673912596,0.20268620639914,0.4888170348350554
0.7218439642922193,0.8018608556360293,0.3513484796089694,0.6977974464900715
0.4843970097636306,0.5957716335482254,0.7011279989232644,0.6460585522456928
0.8646826516096703,0.2630344145812123,0.7664285187581672,0.3308167549150894
0.2237688497313939,0.5871399208084993,0.5613892778305477,0.7166208788870356
0.5628109945722505,0.8600944586815633,0.983167381447522,0.6775609575687024
0.357887126915456,0.1298827979122299,0.5338369523008742,0.9115966256916058
0.2206137056055766,0.6498828899658925,0.5703189394030707,0.3462763760746945
0.11655160889272,0.3428386481153929,0.8025685456830014,0.4754740767081188
0.7553698805832431,0.2201319751743494,0.5917872844700626,0.8355747809919131
0.6789593965981179,0.2895959701050999,0.4798308341148751,0.3447514354766039
0.9389064542352512,0.744691049256414,0.1657734058243135,0.579062688356309
0.9174392973699884,0.7375266790435313,0.4016872426337855,0.6672224975105421
0.3018423785145038,0.8153285938749364,0.9665293213666234,0.7245546314591411
0.9726261649881028,0.8872315054157794,0.5124705773757908,0.2847996448361198
0.8146226703432664,0.8213834006946906,0.3614540551042784,0.2715488497670048
0.6192134961637232,0.2917942336225749,0.9126054956727884,0.32081708274959
0.3135241787471201,0.2986926515098843,0.37427598584752,0.2057961701351979
0.3012362546675073,0.8836781053035332,0.5279914337381441,0.8536303717931356
0.2911051996104485,0.1354841302316553,0.2253208340058356,0.4176626531071209
0.1218843697883084,0.5258889160224015,0.266797161575843,0.9638765224421098
0.8756070589121656,0.2185558961091057,0.3542464593755671,0.6923438418678162
0.8156675752918333,0.4055051732885254,0.2024545541289412,0.4326167794840958
0.9525237196454728,0.2594348105026473,0.3720999244163444,0.6845580367367026
0.3135041125623951,0.5472671346152472,0.7100318802790397,0.1314203973906014
0.4223464462295564,0.5351910820479323,0.5388650287004898,0.2394327800290984
0.1849986646803355,0.8689465840326213,0.7232435440023027,0.3381715242328216
0.9769553268995498,0.4418072021613068,0.9826654092250864,0.2769882264576628
0.8273083416079753,0.5832769806040722,0.9045907390070834,0.1822523376985987
0.7561064512368886,0.4849958203622762,0.8835205825414062,0.8794860702505224
0.7615639394234972,0.691062998087163,0.3869801364890249,0.1303087634870176
0.4678607539882867,0.85663272521008,0.4775031945615822,0.8445719347635213
0.1465135490517469,0.1284275303430778,0.8223271116218316,0.490125009480071
0.6563154164121062,0.9666341877138218,0.1797442425727111,0.878193029672326
0.8194742910720814,0.7889616090919988,0.261330050717011,0.1751724232120169
0.7332920734420213,0.7122054181881622,0.4321477195848249,0.7828437890475286
0.1964548102057984,0.9344600375315074,0.7417414455708868,0.1843988736313148
0.2716189485972999,0.3270169181560254,0.5553621169614386,0.1691227434829794
0.7987716646677971,0.5677965537004159,0.2283347296737178,0.392761556525573
0.6250318885874436,0.6920607741427324,0.6124396250640545,0.639371904525494
0.1098962457926324,0.5655421507974484,0.192264367659827,0.1149332325693381
0.6051494778125466,0.5614196599148578,0.5709966680752672,0.855821445997984
0.726985741489203,0.1641310549887327,0.983060053086065,0.2552714892517259
0.8315196105317523,0.8813280289397548,0.4963972152811816,0.9830061170811422
0.6941776390459581,0.8846052099329815,0.6471146926816334,0.7898635445793262
0.9672579793803276,0.9287630630341182,0.6390806573594895,0.8834742696424458
0.8356992055645968,0.9622661321074422,0.9757703466750997,0.5626858982961338
0.5147008912294532,0.5671538118174434,0.5600162253135068,0.2645540018819354
0.3597674979162302,0.1232307162545383,0.7097880407130579,0.9653430921167008
0.6144514205229099,0.9304814714620548,0.2119315591004592,0.9362302454905186
0.9228689259044492,0.8425444691620558,0.6253955024627005,0.2442030408788556
0.2057736220993944,0.4544779650887426,0.9944635500097284,0.3477593921066741
0.2267713183418198,0.6241803923865218,0.2066523612383364,0.8412612496740761
0.8544958342400241,0.5372845832676931,0.8239934869115545,0.2507419801846969
0.9296868115208052,0.4156406339065391,0.7021201035961975,0.9716835985299028
0.2286925138475523,0.5092658700704732,0.6426485888315154,0.6228553418993614
0.7419203085006955,0.6846819840931316,0.9680289885107304,0.9618229135754356
0.2407933384039774,0.1734669838275306,0.4796453606849482,0.8240451781886401
0.8523821084609853,0.5070864560664702,0.9935351550991632,0.2959006596224824
0.1676240035622279,0.5346719848768197,0.8354153278140266,0.3034711639095064
0.1845837458567821,0.1087937626772653,0.1410838709521453,0.8943038890951125
0.7757839610123476,0.655430487943627,0.6812401476578358,0.3241078624981809
0.7979748550255095,0.7988027018497522,0.8800933190554002,0.8332039042389903
0.9662025654479,0.8422128693326343,0.8371571624754904,0.4340016445871151
0.4229474357111522,0.2176393390661795,0.948451887184701,0.3219927542248658
0.5722807884690141,0.6111507074973666,0.9098500111185452,0.4640746470164827
0.91104220944189,0.4298153813842581,0.9828886403464164,0.6335561624572992
0.3528668706330072,0.725920486020876,0.8771927702630906,0.1467904167799367
0.476418732661557,0.7463107686038449,0.8951182866874546,0.1603148839760889
0.731770189531933,0.2282459886113619,0.6706936282386982,0.400265556253179
0.2903032062968902,0.568862179544838,0.803641477010442,0.5212621488108611
0.7336717912893012,0.4180792413724463,0.8150639900416738,0.3758171212385383
0.9148155777604574,0.9181292685990768,0.6027781568053828,0.3425606760630454
0.5405074842498068,0.7121266945842704,0.8433803914372736,0.4848412003330036
0.5429046637715844,0.6463846324799026,0.422032675702194,0.767477306652438
0.458654260957636,0.768435869079983,0.9475531404570324,0.5265290981044924
0.7637511232987735,0.8188427724891171,0.4858318188877902,0.8568178393626165
0.5132221806144351,0.3087523865043778,0.2106286106188488,0.5348627769823017
0.5433562845935827,0.6350287016675558,0.5527755557018528,0.4252634011604677
0.2121964130829401,0.3385417854925036,0.6999404311419573,0.3038694634324951
0.8894804867317975,0.8979437937164201,0.8066705888335676,0.5238642271912601
0.6971515921972502,0.5013124357390735,0.8725075091192088,0.7735202682991658
0.4386336269778241,0.950152797526621,0.1518828239791224,0.6338423971355214
0.4370861069626263,0.2666196359547577,0.3355351153623154,0.7054326947880082
0.9367278871083158,0.3014358533403607,0.2658023553142235,0.742647451040314
0.8550082778013407,0.7879353959995623,0.6765536651939986,0.5121360949906252
0.3449306235069664,0.6492026345298771,0.5974363681466908,0.7772215038278449
0.3195906790411752,0.6746733528976769,0.5218911689180553,0.901769981484832
0.8225681037382103,0.2851185359759996,0.9335746615886038,0.415737198401514
0.7052666104693346,0.5069791254550917,0.1278602118274091,0.3088163622779296
0.2636424704863905,0.7350176552641197,0.5791786140476954,0.6591632041446491
0.4913446047433716,0.5468150371197698,0.5543160384740753,0.5050527754836027
0.1518028840149798,0.9879671106629622,0.360320294775389,0.8534076650475869
0.4706568227325417,0.5138203813923882,0.4345653654156972,0.6604205868548177
0.4606867547877934,0.9862027655720572,0.4929527707918895,0.1952868863918164
0.9229707513324638,0.7620968028152708,0.5155445294318072,0.2219135831152217
0.8175658292015983,0.8082130476297655,0.5919194278290655,0.6927952194457903
0.1129541397667802,0.3056092671981688,0.643415907654449,0.2528929054456618
0.4076356165280884,0.4311466761718761,0.3035127981247048,0.3776214533405356
0.2558816829190137,0.8814452548675424,0.1721620126737131,0.6691521918955486
0.3908826388186797,0.1685177735412701,0.901232247716022,0.655105247067287
0.5467296224811127,0.8854572254361417,0.7333298016661458,0.1455157934418059
0.6648022720756571,0.1051827944483094,0.2339163724646041,0.929176760991678
0.507195564519424,0.6416934306726899,0.6961906105309613,0.8275651650043219
0.6985330070916299,0.2985507574400901,0.727488443718673,0.8514524851249633
0.6806555113685049,0.6706051327896502,0.3044616013211634,0.1634427510788302
0.7365147708820587,0.960851258469532,0.813335604659545,0.3667218521619595
0.906482169931144,0.960086348406778,0.5546860962189745,0.3228037932518978
0.2209732092450768,0.5555276765562197,0.1152528984006229,0.8632983115140671
0.4713559092202838,0.1661470725970114,0.2501741815288775,0.9081272682618992
0.2268318024772864,0.3148994311914721,0.281227403922377,0.1135996157930275
0.1959384278203946,0.5123681980641034,0.7343839090390435,0.3018867029681736
0.4371513531638241,0.988884607362452,0.6342947120876846,0.382444127401974
0.9070888821637828,0.8901768884005625,0.4556178168503529,0.1446529360049537
0.2349256846138964,0.3838662061732114,0.4895344019885224,0.938399422878533
0.2683393737017711,0.7883288208126958,0.4638607725293822,0.1172399369961276
0.236507391759476,0.5089396011039649,0.2325727398510733,0.2079019841254409
0.2403950683025824,0.6929050300396457,0.7834584361761673,0.849547339109444
0.9690688297671034,0.1692578814662882,0.6476745454268199,0.350067498480741
0.4029438503745285,0.3806345197767337,0.212995193286388,0.3857947302318296
0.5530755437693712,0.3103408737193897,0.7362788387101445,0.9344114036780043
0.766691755978784,0.165202199015103,0.6681767977827898,0.1621413156831397
0.5386880784245623,0.1028964372438508,0.7413591997886615,0.4601910482647048
0.3538311153141759,0.7961258131179406,0.4340551810938649,0.3190570148966774
0.7471413146658209,0.2660286278202754,0.7543510854538511,0.3757895404330345
0.7047034692388555,0.8859906242747269,0.8695271814579416,0.7583377237328043
0.6582785962181182,0.91002081105821,0.550561841263376,0.5136256514922608
0.5524483510832312,0.1099281379857824,0.2267226540034085,0.1500449695124145
0.8294979977036496,0.9082274940549884,0.5291591214860354,0.4470378332620001
0.2550878840814669,0.1714774320900879,0.5470258805361519,0.5973960409990734
0.2143544613866963,0.8205280291981746,0.1049552192443787,0.971259230845683
0.7261738200861555,0.2081881498335476,0.8893815229163701,0.6153465095938202
0.3161310569003738,0.2227957773010598,0.6623054765104622,0.3954097951105054
0.8324155177362538,0.4071230448635408,0.9604424292507396,0.1270234047964535
0.9455490474077702,0.9451609286616064,0.2491970861469482,0.3416803804608466
0.4575585615043306,0.9598012178535354,0.5136983833623952,0.7597000965003609
0.7533601109832154,0.9761400722596572,0.5143224440817337,0.9470087312803062
0.608619865230288,0.164875902398806,0.6601089381555215,0.1929385079875435
0.4817998083222786,0.8820144860308464,0.6019379436250395,0.7097784524953162
0.5036009697804879,0.9429451230654652,0.967615666405932,0.6095626221025637
0.2380162628044722,0.2351521007353375,0.7405505251714438,0.2932262987170199
0.5568493408160096,0.4587967249950818,0.108931439015052,0.7977196466514543
0.6971836348150395,0.4888691946497764,0.7788384760123204,0.1293931547060463
0.8896357647351599,0.1104584859172905,0.6463806208468786,0.8134823022155315
0.656396256984635,0.5399619222312282,0.9856118468894178,0.7810571503617112
0.90330309864098,0.3390400383298355,0.1751176764904449,0.3235386343328202
0.9430569898630612,0.7849251122518252,0.7247355161588479,0.8327131170320456
0.4884935916067114,0.1788784720874547,0.7908108656661265,0.1274173176780641
0.5459421845855786,0.1725413623814122,0.9703317477305315,0.937358578152393
0.9550557703457244,0.2007276574579551,0.2264976708205247,0.2170726028460522
0.3887020584745623,0.8489207601619677,0.6707279244661631,0.9343995659725846
0.4860946246375165,0.3238428453288669,0.1229029839151757,0.8603842129797061
0.552822632722079,0.8803283465102038,0.672486441768588,0.2934213733327563
0.3334810900881632,0.3942384547042712,0.3737788476726528,0.6157379805571142
0.5707588822922074,0.4834750455013343,0.9620108208893836,0.5513661643151497
0.6381099809299766,0.9981406994800036,0.8649778343325958,0.6910804571271013
0.379884089544096,0.9502588200622692,0.5848316181574428,0.7310256349757263
0.4503660526377789,0.4454496567397396,0.9806729215502265,0.6249271530813011
0.5104629857953323,0.9498398402020906,0.4769139871667452,0.150927090532044
0.594575994091362,0.9686068267924408,0.9100748647148328,0.657573580032673
0.4038536542632651,0.2981648817548302,0.5746596599104087,0.589828569502328
0.7920886736624595,0.4721941913728164,0.764082566705377,0.309255392987048
0.2397162213376412,0.1388563622173105,0.565028546703641,0.4718552654869475
0.1751506450288019,0.7149232254606812,0.408203180951242,0.1480131972900079
0.9176055052002656,0.9056059666358828,0.3177794172853408,0.1940090662901362
0.9728909440368751,0.7646042883261939,0.9676259624489624,0.8011923277562081
0.2085722839905407,0.162481458471484,0.1001212237040368,0.2968388202912249
0.4847869165226947,0.2677944359298291,0.6711241757952734,0.1917037907856431
0.6036762981773961,0.943649259847407,0.6220799512025091,0.4194079151378986
0.4142886171513948,0.8843831255371386,0.5023499894257829,0.5550707380797629
0.1591377754855171,0.7556416094454519,0.2576995948952446,0.8502796094276551
0.8330216343300422,0.4233100324597891,0.501777564761424,0.1795464522860668
0.8219772826786357,0.1994267018182552,0.3327587513992349,0.9685138325090248
0.1185260448662222,0.299088497637642,0.1302522401649543,0.5939727985696204
0.1209447421622432,0.5633356185367212,0.810086643928714,0.2689501651230269
0.7938704619591049,0.3076028305459828,0.3584241622761179,0.269686545174326
0.1782282592786813,0.1325443424722859,0.2879944516046474,0.7925040046738424
0.6495580381974694,0.1613550784469442,0.5671290521165938,0.127093484990187
0.3638896945282581,0.1354091866016586,0.4457860416872202,0.3815001902893187
0.6939856414307611,0.943505638512806,0.9444743366036344,0.5819984333917053
0.9971868266613526,0.2777234408739436,0.3259012449360702,0.6059699299580726
0.4111005549914769,0.1936986844457497,0.568152903079676,0.6213830199957441
0.7502069037353548,0.431673709351385,0.6338994130966459,0.3107830338337007
0.2447272462757488,0.99741205014194,0.9196931454795236,0.6494920795138821
0.6010866037125367,0.8758130340453603,0.1173948678258409,0.6092033993568967
0.5731211640724173,0.6431388999368093,0.5900472631934786,0.3004084712107764
0.6130550530804285,0.1577880433676207,0.3852519290120073,0.4526734358692234
0.921916497300824,0.1356569428135214,0.6870018335909253,0.5820909394128208
0.1149290460350705,0.9830675602246812,0.1626770333461651,0.3342129381867064
0.1409017423073121,0.4565554224483299,0.5350666923758319,0.419432194789309
0.8284250399306623,0.7254836975138883,0.1938023225275129,0.3279451451704436
0.823304869209203,0.1823381536579794,0.496291076531514,0.7648508356539098
0.4310048194473279,0.8432350755082864,0.6860328263935067,0.49952750905574
0.3880446409275506,0.6974240748596245,0.7094085757615084,0.7733655208439617
0.7008019646689244,0.3467445999038253,0.3442684424020429,0.3068440532178565
0.9034045399692774,0.2822325041487137,0.1491709780008751,0.5356185152584637
0.9870854086995406,0.6567502403936659,0.19057373067118,0.498290963333271
0.6460435417445703,0.3668820231588897,0.9641220439649024,0.9852104858622968
0.902841899659402,0.9855798831638454,0.3675140269377555,0.1948109360331998
0.1585464336867516,0.3070079535589327,0.5175392380195026,0.7758458185269864
0.1238601794874596,0.9106316776101326,0.9122079765572576,0.7265405306241327
0.1282862671180608,0.1520584089070567,0.9235810615663388,0.1833629347462305
0.4887505167779041,0.9239394678292376,0.1196410570979405,0.1615178802789627
0.918388361870904,0.6633022387933082,0.2032919846822957,0.4632409021254321
0.8261512653405376,0.5084105872452753,0.7195645166429232,0.7001626521750922
0.8255811518137552,0.6020050756330224,0.8584407119444994,0.8163337484291522
0.987975620651058,0.1845106442104765,0.5875343311690037,0.5749097195995255
0.6660485621018956,0.9724710901017588,0.9249717122570866,0.1280341835140519
0.9425392967447028,0.280472254030303,0.5657017165795372,0.7228662823219321
0.8660230043651712,0.205577370066155,0.7022802366442706,0.6450741003910703
0.2000777340755362,0.1273483537271531,0.6224208408943264,0.9475227879922274
0.2525434720174833,0.7170087585060743,0.8910810102540406,0.4034859180091769
0.5249934326457544,0.3085045312450991,0.4423780067568061,0.3277913852616478
0.3063262557093773,0.719321235477888,0.1395099483787046,0.8388829155692268
0.6114777430019245,0.2359521026028102,0.5866286289804193,0.2452265209498453
0.7322356755883983,0.5319449512454112,0.7323703957769647,0.6046104654450549
0.3079673169292642,0.7199967718450816,0.3984082291604743,0.5521845584497388
0.5884264748424236,0.7638240714300023,0.8076503794456298,0.3406618250717872
0.2454658426851524,0.1199111963760975,0.4802935854807502,0.2744767611432034
0.9278700547714844,0.5772719199242425,0.8632378806413356,0.1762195076877761
0.645557171005792,0.1961892307852694,0.7895043395160276,0.8281212762625088
0.9553703356689028,0.4497022911433112,0.6298583699181879,0.1285693888356897
0.1492854749398282,0.6621972119688374,0.1081346221713629,0.8386265446901013
0.6736869113483859,0.5871667017709634,0.3641399408873095,0.3890459373723581
0.3213619555460573,0.2876594629216022,0.2229408132860553,0.8552623554822687
0.1507379469858344,0.8227233080493971,0.107976956602122,0.9709853187426056
0.8471978781102925,0.8200638718292436,0.7940105342666979,0.709694264105465
0.8761273378720706,0.2950658200816981,0.3034260980343998,0.9005673799393868
0.6467903667112945,0.1333068712439433,0.2782878694837661,0.2790929250634931
0.3650191835877259,0.8975762024185671,0.7677066942628435,0.7555337689056814
0.4952214177131966,0.4309834157895607,0.9664915152278856,0.7784812744389217
0.4139814398886957,0.1523474159549282,0.1012182631439213,0.9910979614781792
0.9555464322438004,0.3427746503652906,0.537030729693458,0.1201833002458496
0.6170258018619207,0.7229452075247187,0.4582047636590526,0.4352580383981193
0.6188648279628282,0.169352451220898,0.1381800683862025,0.4763303093465196
0.8603877798725091,0.500774729502399,0.3756821489003914,0.7847661978377035
0.704530615965271,0.3309065053312274,0.6522437028137126,0.4083806318702694
0.92336131096129,0.21528617172958,0.9939295138806676,0.9392993905773808
0.1336133698742929,0.2194441786387543,0.3526148939643768,0.8896154078195548
0.2353752019931753,0.934331090316676,0.7504362619284056,0.2897137913950257
0.8331172482082438,0.6615062526624746,0.526428845558152,0.9712687433056602
0.8198697303525837,0.4199437093972217,0.2634525709809424,0.3393356055689069
0.1102182802906771,0.7205740759284051,0.4996393742819827,0.5503235015940046
0.4480618116704836,0.1962825749442625,0.6785937190528368,0.8935215506591573
0.3320989168898821,0.1583682350346715,0.4538756809251301,0.2083488209101801
0.7950202923669917,0.3666773084103911,0.7810763551197715,0.7359668828908386
0.9859619626331968,0.6045940849745538,0.1706102346854115,0.660478062915857
0.7420146272960972,0.7805469960057214,0.6694406908737408,0.775239187544958
0.5824867297097084,0.5312636898667579,0.7880750151892458,0.8223762811176367
0.6813255171984411,0.4572833653668551,0.2907946492287923,0.6536162264870798
0.1237302770475268,0.1068065874803279,0.933744346057078,0.9441687082905048
0.7017788979319879,0.8402325072709248,0.4411846438047425,0.3132399924159837
0.939455635018612,0.9599713263594412,0.50348714983248,0.9778088201311634
0.7012766229135815,0.5995764543720576,0.2364355673200894,0.7583468176388252
0.928757694355635,0.1188504649278215,0.2464297694277093,0.6525732756927094
0.4180170052234475,0.7013915186995147,0.5430929320010638,0.2901086483256379
0.991454627800606,0.3124454170118176,0.4370975983181092,0.3907246111786845
0.2537988286510592,0.6768748696107988,0.1132240497894584,0.7954942776985712
0.3229578905510417,0.5483761448078251,0.1460218432978906,0.7040417260417198
0.1366976273992875,0.1057472845451502,0.7085598058678906,0.7879966552679539
0.6862783495166778,0.8064072794003208,0.3669039209853376,0.1757148960334445
0.98854851638345,0.3191340669186693,0.7189498381875046,0.1639314001396019
0.9515039159202696,0.753381918986766,0.4177453524402721,0.1630973256771312
0.2593094358490722,0.3039907620042892,0.77378071071358,0.2667433198449913
0.7566455605042577,0.6520702502896369,0.1949263299609675,0.4673365217800282
0.3252186083481358,0.1543168755915074,0.4699189677389912,0.7955286159613036
0.8106563285150985,0.5565113278195533,0.1210168866953673,0.6613687763776082
0.2463552454104021,0.4589405028072104,0.1983377892786592,0.6603674802387922
0.4331428302298999,0.8603049053051989,0.9958937645721788,0.7267868263324965
0.1603688296495847,0.3573161103152441,0.6909679663370885,0.4759002962352953
0.954568561291878,0.1861430999681455,0.6764284379582596,0.4343205363619391
0.3143645029420538,0.3220109780694607,0.4684708646353165,0.6718729211757188
0.1894972534834106,0.7538155436017043,0.8297907229071266,0.6668385889912369
0.9198344660444582,0.6221551323045991,0.8685657702598799,0.976044357248339
0.627198023146117,0.4795488341861099,0.1597994599201974,0.4445188879927491
0.3928597283433409,0.1741429410542584,0.8464551983729622,0.2487560411286617
0.4226191556898453,0.2964284990785577,0.9864906905267876,0.2393457513379479
0.7847065437552077,0.6469631153909732,0.2833898132149202,0.4591317858781912
0.9875896700316426,0.8770002846146427,0.4668257877164352,0.7636834771936095
0.6160940993109575,0.1513781704803833,0.1247830478825189,0.4243841444273375
0.8803650867220933,0.8018658900040149,0.538900361759138,0.7510992961194207
0.5360706866719193,0.9618627560548422,0.9189488294689528,0.8866645959746666
0.2022018329796661,0.8253932947976423,0.1698844012044445,0.1744631520563709
0.2044653764562246,0.9967005244510676,0.7179309221433461,0.2754776799102603
0.748032882891467,0.329203559841446,0.5009874748677018,0.6913274484106966
0.3571408776536746,0.9794567657991856,0.4556239689378868,0.5096547925602908
0.95864592453285,0.7381416355501894,0.6926864641030493,0.2894562456988087
0.9365762298230432,0.9953796854527904,0.3698204748087123,0.3806914921873527
0.3226132915688779,0.7130060685684845,0.2285652585707547,0.419787773626499
0.1228156690739117,0.5928331385383626,0.5441919223061068,0.7378890897062388
0.4201054448184542,0.6289924247759784,0.7310528754312338,0.8086347623343456
0.2162434736363455,0.5726470453003542,0.7920305038968769,0.1563083579975064
0.1699611732684863,0.5171446394205151,0.879019431062097,0.8974840917818874
0.4158235112968708,0.6752079440339503,0.3825700456396176,0.8779899221815277
0.7409612992127823,0.7243140032033397,0.754003892863291,0.3066383446785718
0.8396740533613206,0.734212686462982,0.4063483938290552,0.6371666891989834
0.7500402386700933,0.1892602896284943,0.3989719298040441,0.7771580940734091
0.8890890730855745,0.5284163164318899,0.3177039647016003,0.4904595305697198
0.4474923740206968,0.2184109166145338,0.1393651650780526,0.672736853380037
0.1522752509513795,0.7230489080660673,0.504765858205486,0.9154783544331344
0.7534822003503954,0.7381544675058248,0.9385783474895348,0.2981001933142778
0.2147397960987841,0.9028762200462108,0.8262689417955943,0.409561917901917
0.7361716094628554,0.9889501507624284,0.8916236694563763,0.6379014544324328
0.1874588443936917,0.6237742617229589,0.4911363647728406,0.9061072998569007
0.3271932499096187,0.5053338426323667,0.4488839249100823,0.6645960415816102
0.2496550318804714,0.6725596282374094,0.3466644304079719,0.1455602250421667
0.3236402258330192,0.1882743227058201,0.6678296112062471,0.5783094227703748
0.2679130529974323,0.8897147763673423,0.6537682225628219,0.1123709986102107
0.1328947010632854,0.7795377358716504,0.298767504666708,0.4191995844865746
0.6986774986265801,0.5743373175204864,0.1520600045024445,0.5020430745326683
0.4235420360977796,0.6400184933073734,0.3136901215373257,0.6655838109531284
0.136781754639831,0.9047717871977063,0.2204455266997238,0.6955005336662702
0.6962700559185838,0.6542768693640741,0.7505328728876354,0.7340989852247007
0.4731617113543214,0.3166234406492544,0.4214090433704526,0.6907686431505912
0.1330148826015381,0.1870088046820476,0.5444326364112358,0.8133353318882213
0.2227343280280928,0.8024729637194756,0.1452034103175764,0.1512808542976314
0.3519405072513486,0.2972925886222399,0.3784354460765039,0.6253422289582276
0.6580654803356621,0.96361897988893,0.522989441342143,0.2661692116126323
0.9462072172824618,0.3491450175115464,0.5805707252929874,0.8396478519268233
0.7273141668957411,0.4532442007660163,0.632527446075693,0.5268295188792582
0.2260756137128716,0.3793257630312164,0.9032709609593614,0.4773444950494198
0.3870780672643852,0.8836749111452602,0.3478430568298767,0.8002227188301878
0.8789564133045822,0.7254559800122156,0.5642757124410953,0.4528842192141155
0.4368437161805083,0.7053419064026136,0.785711631344383,0.2904723087128751
0.650548671610917,0.8107286564282312,0.1014085946723256,0.5662072597641623
0.5523733837946729,0.3069591453019775,0.1433285523805181,0.6469774147860873
0.2323661328361341,0.1212747274417027,0.981083003657328,0.2756498654967854
0.8643010694447602,0.3459335742983884,0.2013223513707433,0.7591609441525412
0.2762120213103668,0.2617147979832178,0.4088506178553924,0.2718339265644791
0.7780403667330474,0.8543037606832992,0.2751614530343848,0.7435901451553301
0.560208158974844,0.5324562525320461,0.9554779473275832,0.8525059328865239
0.2934463407316811,0.5662708896149339,0.7609995388680323,0.7384949781705773
0.4455020992358902,0.117273049140751,0.6204685594783246,0.697171234522107
0.9729229580331428,0.4164604185156709,0.3694560295345132,0.3417059507082783
0.3873822738313733,0.2852570890330914,0.7194468122022133,0.4700723661951274
0.5456592191001431,0.8116508483550672,0.6051005094542724,0.9736088908687696
0.7356180044408466,0.2816681069106535,0.5872668466128267,0.9353638883025563
0.1913243885794289,0.7149658389458546,0.3520335965954405,0.872887851414525
0.8829067258559155,0.1739545007287846,0.6085767812074806,0.3275723064251
0.568147151000794,0.9562630079859912,0.4139384805725313,0.8234244014351276
0.8467676233364815,0.7369128412668242,0.742981747664118,0.4537935168034609
0.5884519990128366,0.9115857929218812,0.8592846976466414,0.3941152352719996
0.3621062261782377,0.1305513807272189,0.6974107175580302,0.8053838582356965
0.5669115595690295,0.8660862226438918,0.1714659261787265,0.7685933443011451
0.7941433120173511,0.4458939824437135,0.3149165902433853,0.952060356031056
0.6606014282371002,0.672787224589273,0.1972231787176222,0.4379220356198503
0.8066583652537123,0.5267927949917174,0.334142011865846,0.4365289423115323
0.5162812445198331,0.2808403197931508,0.1803605720730156,0.1005880516851696
0.8018879912718615,0.2170776161175687,0.4423604940733687,0.4534576689442746
0.5938604104299275,0.4835631720123756,0.7785657132371055,0.2443288655077688
0.3712400867477279,0.7602529425052619,0.3028431412060892,0.8356670625754984
0.8288870012691714,0.2944343642586396,0.3390245496627455,0.3497182117524586
0.7976195410250031,0.5760434206244908,0.5362266584170423,0.534735727803001
0.1041688207041425,0.2092477763434658,0.3058091016432479,0.4263038169031851
0.3926649898240724,0.5206613601248827,0.5480312572308612,0.7121006969022754
0.1202223774881056,0.1836915758408189,0.911746177074235,0.123192638887916
0.8391315742048115,0.4550286507130318,0.711658299461597,0.204924767100127
0.1280648215551562,0.3688530162298957,0.4459195346717214,0.3443428022884402
0.2405373376295713,0.5880134849426635,0.5287021599709889,0.4772645883119092
0.4016775174813108,0.4437456756876063,0.4213264095730109,0.5296153583101612
0.6727693701374023,0.9721923671267302,0.579725980521526,0.7735459147086082
0.9233779511984036,0.7938296601796468,0.6245261515751407,0.5868145034542728
0.972523389947832,0.2561720634878578,0.2003609910891487,0.8213011986006583
0.4117113949293651,0.1377561010884726,0.7559752980429522,0.5200238087959675
0.5513646652184797,0.1944371605763574,0.6405859598935203,0.8392495266106248
0.2660689174207395,0.5186850510553463,0.8100392245984065,0.70548815297122
0.7227056779234239,0.506248321896708,0.8244160991572947,0.7062808757274169
0.9086987696743714,0.3912491972345872,0.1378222076542647,0.8729350940513392
0.5910551103843414,0.6684041980832685,0.5374004444178427,0.3376557862243469
0.5749309981776699,0.3943298454069148,0.5800479658888263,0.8543394774897783
0.4693571442906954,0.8110273926763553,0.9011935023725568,0.6474875500069945
0.5996807304395161,0.1610533531946547,0.7894582988817723,0.4184102428627924
0.4756699028339011,0.7510781023197265,0.2460100652042314,0.8245812866460964
0.172210371095478,0.8812510210967053,0.7418861949543559,0.7521384581628661
0.2450991585286039,0.3019965146529946,0.2818141015622409,0.3178198719827895
0.6331731119758383,0.38719042591893,0.330877056199823,0.7043312338004862
0.8795585311974417,0.8642760864087874,0.799039501259663,0.1109410943296481
0.72455360002039,0.1345837140660925,0.1449811257937108,0.4595669061282413
0.9909642091509508,0.1950982158355695,0.8264399836283943,0.8963696059264039
0.1238789834864377,0.1047066521886214,0.7889920754642747,0.4411364368447316
0.3607763076223912,0.8342498124915559,0.2266403752438825,0.6739194222063419
0.1654867057277741,0.3771369474320718,0.4469607142632301,0.3059879162351491
0.2763845761772306,0.4617378222483179,0.4705889874260577,0.1692815203584696
0.9103762514469974,0.4112947512576611,0.7036590807152506,0.9575335153022554
0.6129007163841849,0.3922083342010539,0.9621407089510934,0.3699478627993203
0.9997459059575176,0.6493004049798266,0.8456223695042053,0.818463877488268
0.135380925856989,0.8920711788053124,0.8554046431204021,0.6141344229433876
0.3460663647376356,0.3765609684336579,0.9617032171342864,0.7833632562266263
0.905344615384884,0.8189049121962988,0.951128332300254,0.3587154984075251
0.4904664843141757,0.7544521627896772,0.4192941626523858,0.2408290444032405
0.6309259181691698,0.4813644282838866,0.3657614446431489,0.7525054686692069
0.2857791445845429,0.8097534682051658,0.7831047542697379,0.1902210073505889
0.4278428749432679,0.8203208570401254,0.3485526020388095,0.3571368108948013
0.1180640779999537,0.5859614172525036,0.3682469877754988,0.3143319882991267
0.4853657334855829,0.2181203899141488,0.1572768183579781,0.5501014768689643
0.2788441133807552,0.3102469759449189,0.5674472735535436,0.6490066753715371
0.8371920859067797,0.756557405787157,0.8763764240342611,0.8836196099116954
0.840283518630852,0.5802422920541906,0.4952348349703734,0.5185085657737849
0.4574651766566093,0.2836320711660089,0.6891856181793591,0.485612113463916
0.9148437787773372,0.6268189279570769,0.9892323695400328,0.3173468367311811
0.6520736763422109,0.8316871648444841,0.1562118342571643,0.4017511450704661
0.7641072250261917,0.4032062125939961,0.95955446033649,0.7765722931562564
0.5836560426441306,0.6795138281870176,0.3895029906935937,0.2881534363361614
0.2077859186373261,0.1802119889044149,0.1433674111539666,0.784518078209754
0.1274502249451445,0.4572309485814364,0.6497020639681914,0.1602762508227443
0.7670085843610531,0.190941229909582,0.5121961831032144,0.2671597648046671
0.3650040028626271,0.8168835618785587,0.1844715563410205,0.5792536597743836
0.3176670618104065,0.7373548797807534,0.6984864131283958,0.810363563487717
0.1692819188459137,0.2385063157058695,0.9851693254436998,0.6519625163986411
0.3978082223673843,0.4758226982064355,0.5175382391310995,0.2823693707218088
0.9936683165073704,0.7008340470072263,0.8829722436829165,0.8225298413420504
0.1635118726603868,0.5380020472822326,0.7515757499194844,0.2691283427337907
0.5190382163192142,0.17907984923035,0.9743794218109456,0.4490434809252381
0.4792820955332482,0.771160404458109,0.5702591629770296,0.8597910927575287
0.1309496690036965,0.3868772526388629,0.5710518202369298,0.2019731542547178
0.631265448263327,0.3750437939411933,0.3073749959056149,0.1353424728174871
0.928785160478632,0.7025382596783711,0.1917031492594121,0.1783154964725098
0.1163996430863947,0.2628792574385408,0.8610439266909161,0.6357729393347401
0.3059183489424602,0.726418556248413,0.349214038640028,0.6305085905362274
0.7213553457664288,0.5860107231440596,0.1564206594596792,0.9729338728106718
0.6649372477642761,0.1109086971795039,0.3339144813185495,0.3824902688635245
0.517328564445984,0.6431037340432401,0.560147915980676,0.6931408691190092
0.3437490261358668,0.833342602371861,0.4107008285215229,0.5178146677653025
0.8353648638543519,0.411489753884007,0.3408334090551743,0.7756926842899501
0.1928114819523393,0.2503377171108549,0.4065437499231625,0.160530322570631
0.4631345795911573,0.290840355917404,0.9596036865625313,0.6615986369760841
0.4817176041721475,0.4147329067712646,0.5693136748493247,0.3337037550553726
0.1259044086820051,0.4699256228260342,0.3696091101584865,0.5390508866896112
0.943146765392282,0.8485273393081961,0.2467318032384319,0.589778796253332
0.4680576499728429,0.5737623948425019,0.3472583729675675,0.5355904313617724
0.3266040662428278,0.4130282871119738,0.58671437948699,0.9286899476170216
0.2730601169278037,0.1770924246367874,0.355846683634765,0.4349559297222074
0.8699145256099065,0.2795882058362306,0.5106128580599878,0.9174056398302908
0.9376815930432082,0.8459950292943486,0.4112897146640717,0.9965419061489008
0.7133524500015364,0.6851809831583381,0.3639777497025083,0.9670242884014342
0.9685242195998612,0.7255317059726979,0.9767749994347212,0.1710454626519
0.3208141987131888,0.8558220570720555,0.4020494088428584,0.125787184819889
0.6842892719044572,0.6861096793373429,0.8922832859340343,0.2405859118179598
0.2253448653970485,0.9782863794190484,0.9257372588187912,0.3444698631469327
0.5577136220482325,0.9349770548756916,0.7263092063519222,0.4906188754378829
0.4204870533080617,0.6405349000245556,0.5250536237466835,0.5588686085954119
0.6025638247622246,0.6560625161810925,0.9697756472797666,0.7073076719506695
0.2389264437467821,0.9668036004302564,0.7965922403374863,0.9398845789833756
0.7790885866762141,0.7360994951969012,0.6732120857092689,0.6190321589719807
0.3862031274746775,0.8759148555389056,0.9704139537332532,0.1562736661685611
0.570788059753134,0.4920249833316397,0.8147895962944649,0.4616984799016571
0.6451973374211984,0.9274527758929756,0.2941666112588087,0.1452187088406839
0.4359783846517776,0.8360067968712506,0.9046848722799256,0.4557333838880419
0.4241715772701366,0.7205184722235392,0.5649153656013812,0.587584867840807
0.8782501386295479,0.5852451490077291,0.9980387701137804,0.4957664378571177
0.4768934724028658,0.9985127602536548,0.9288950689869184,0.3083276923887683
0.3217618299151961,0.4931656323536616,0.746608552590295,0.4037088510678061
0.5248602505989993,0.514485547546726,0.1350369669931007,0.5955970414967664
0.2814645880429701,0.8325732425554169,0.3219432714802221,0.2465118902856064
0.1732139025777098,0.7060891899924255,0.2387305388606383,0.9362255680139164
0.678177350385684,0.8860809142734944,0.2085025747633212,0.1692745024427867
0.3423189078544428,0.9932351519425376,0.9556954369582042,0.3623148221444144
0.1082773464549666,0.7933666760270138,0.9262688969792356,0.8541175373666232
0.2255444745868376,0.3676141066352957,0.6041513651156577,0.4894901916393364
0.7771370764939121,0.9404875157751144,0.4491880839521825,0.1129433014648765
0.9364383902148272,0.2192722054676635,0.4036109920921834,0.7096538168999855
0.827557613304815,0.7266598982903257,0.4145557348781369,0.3486871976192682
0.9157189465852624,0.6135487719749467,0.4125493351274568,0.4358103565801452
0.3507818178129502,0.8805647808638222,0.8454243271934965,0.5089108807608896
0.7820614994179322,0.7472816004450374,0.1535722303129945,0.7680278684791785
0.9663835732101326,0.8355679929662443,0.7320328894284979,0.1075273136891714
0.8746575249307091,0.4676078917636288,0.2493594057662065,0.1730342606826152
0.5720602506132292,0.825332860105859,0.2792937474046478,0.2004336999615227
0.8157405806739012,0.9970271684676792,0.3054118271443292,0.1831244753002406
0.4267740667587716,0.3749718795922212,0.8653132010079059,0.5595226817136039
0.2884143910030393,0.1541281083407067,0.9026849303296612,0.2984538370920824
0.816213402492491,0.5489993381062205,0.163838994520396,0.8124023823322329
0.3051416462877475,0.6897177825751195,0.985699287132848,0.7594601273075486
0.1880507445859013,0.1275872519852254,0.4770530111687279,0.6887194633250863
0.3178497443603504,0.7774449756018771,0.3158867014803502,0.6843900921191934
0.665110350541817,0.5796620078962018,0.322141482281712,0.4370934190416231
0.8579070308221378,0.1912787456042948,0.4228439728753121,0.190880296135985
0.4733375521038987,0.3563856117657306,0.2896344674804828,0.9757691181210684
0.6312076001821784,0.2218186740499169,0.4568983137909669,0.146164464083094
0.6617340170642206,0.9967009038645226,0.7564103146791967,0.1057411390659316
0.1666401865606813,0.7116825544237628,0.5061154097628893,0.1953152239633818
0.9137428250443737,0.6614733922089157,0.8231344689671961,0.7993443570865805
0.2560362357652793,0.4425609641289221,0.6803493436200824,0.3137307010770317
0.8199244768358704,0.2440644714591157,0.1621068333515347,0.8975635949164106
0.1097538863322685,0.8251031376550478,0.2961032988294911,0.9978654676619408
0.9841407552177458,0.3742112251882367,0.3586686368190217,0.3529447751502003
0.5026711301411092,0.3111778736699082,0.6997468722203858,0.5375174366934317
0.1756961255034977,0.2256861292806816,0.9650219368668336,0.7366573000296349
0.3188549718995087,0.9926289562144271,0.8522433351194644,0.4628895698654405
0.9339288626453448,0.6777743503989394,0.6431437864390408,0.5404532836659298
0.3927972976869379,0.6647549168965331,0.590888682466215,0.9562808987610094
0.7158097238609412,0.1588207067190481,0.3027852369561116,0.1607522920154397
0.4607662750872759,0.6525402262840556,0.2772331340080856,0.5175835283501987
0.3519811842942557,0.5383557269370424,0.4722784074267717,0.4485902661777826
0.8349394955244194,0.2751602606386886,0.5900340995202367,0.7760594232586385
0.7162580552984913,0.4421760569072713,0.2804270639755625,0.9076292792118388
0.4428017709679194,0.9409924241249628,0.2209916164673097,0.5221964899428209
0.677828481538859,0.7824368763361204,0.9791202956595934,0.5980340707747946
0.2159917497195843,0.4638868912938629,0.7143554991010621,0.7862022628073816
0.1049699054112421,0.1378838706727257,0.2843931467356413,0.3816166547922834
0.5449782742323234,0.2335088808658799,0.5126707079937016,0.135044215018899
0.3436702058291984,0.2921602296796047,0.9518108618353648,0.2636009804956257
0.7431363304300561,0.2435902121018695,0.7426293800201708,0.1598169931986449
0.2520415567649481,0.2726805922468686,0.666601927202563,0.2271011890358345
0.902028802328264,0.4637262894859296,0.7499289119103153,0.7296756126599095
0.7553947137506736,0.1263225547311032,0.7739437032669758,0.3631447993709737
0.6690752475342215,0.2159828807261006,0.658835710730588,0.119721995897508
0.1366559220870731,0.6852931177122432,0.4454549947404815,0.7749800186068637
0.596716154897037,0.8372699734841111,0.8274116890083,0.6226291760988565
0.4380246573759496,0.6036838151382227,0.5252440195058622,0.8694766176053269
0.512427601442365,0.6606699252071345,0.3655366368887406,0.7231230302149523
0.4014150531913775,0.3170813118395873,0.4106729876447894,0.7219502314653355
0.8817392153705143,0.4662171646505836,0.1355135796018094,0.7009845324428376
0.33214746494364,0.1922587551916113,0.6878465114781547,0.5635050937387508
0.6097641762672075,0.4010601598677389,0.9523816003976672,0.629516998884838
0.3526951261967702,0.8779224248556733,0.903072248325687,0.2975985309068217
0.7577807276832799,0.315262093794333,0.1212354681809762,0.3349436736113633
0.9354867063289528,0.6635982894682738,0.5693011201392305,0.2545245169349046
0.8124211393532637,0.3845404944790754,0.2440224428168746,0.7879180477927846
0.5865716094490959,0.1467741552863251,0.5614009533607748,0.6031533564519419
0.6048441743818477,0.895785817013567,0.9529192233680236,0.5549578843508776
0.7147060960747211,0.5430500708032313,0.4869379696511333,0.6957720503144817
0.4493529335858697,0.9211270110550218,0.1105359496578136,0.8166173054872317
0.2337964549778016,0.9487682539702368,0.6194103274344887,0.2450969307776103
0.4532005966803718,0.5048061839391903,0.9921951114077984,0.6957222693733104
0.9330116616160988,0.2666760110807211,0.2455042926132657,0.4127669157823792
0.2942389247471588,0.1941110563009602,0.133049226250739,0.1666948803173804
0.4335779323602018,0.499375197374114,0.850284965743827,0.9960679985489952
0.7500273115537597,0.4938428116498528,0.2491748018381403,0.6099447330149167
0.2063483448594906,0.2471714853265205,0.8401801363014506,0.4315124924149162
0.5444160367279517,0.2588752288049574,0.8135689771304554,0.705214448222526
0.5552998109960194,0.560999728731407,0.6125858016103933,0.6353626415517186
0.8849115180497363,0.1763128144412229,0.6342048418409073,0.6928458748543199
0.4580700391411675,0.4626821608886453,0.1522827568723148,0.4417763706273857
0.5265654762365851,0.6205482253057681,0.797811535362822,0.6802707237191368
0.6371585640252003,0.8577402101126278,0.9732313987534512,0.4835091141570077
0.3181687591735722,0.2317365929460242,0.5176856435081535,0.3109830400103632
0.3412572767405886,0.8889856856453805,0.1013264398776802,0.3447987448099204
0.2148222725160073,0.9432620407279564,0.474853988713491,0.2840035352178457
0.6321478921704363,0.3659002997296783,0.5490060980823478,0.4232878722844213
0.2021261691165301,0.4076849494348175,0.2913799387339865,0.3602687016663548
0.1162991654387564,0.1375056105421458,0.4932962970990587,0.1291991014424682
0.2254204666655417,0.6219854086853182,0.631574050595174,0.9446768051258174
0.6795995889151142,0.5552674236566462,0.9033024047378272,0.2411314347851251
0.9729188669457948,0.9889012071969824,0.156387883109819,0.3588694561393104
0.4051268119438306,0.1411678304312615,0.1998905222921329,0.4189824539137494
0.3496430646830194,0.3045426645368363,0.7856183722399275,0.8928757050756917
0.4203754107861355,0.5998271958438681,0.3318464983003497,0.6584264065467735
0.7098079256580542,0.655234226538168,0.7176944770174877,0.6896563430719043
0.4591024334831173,0.7923008330543202,0.1108928050984967,0.8411970039506371
0.5700189340493239,0.2801352198203291,0.1068976293843028,0.1599082551228005
0.3638329572349119,0.6543869052341611,0.5851850974624079,0.2317926309425345
0.8316109082170698,0.3801769292404032,0.7091391689716561,0.3505316334963909
0.7799960246887438,0.7824146281336821,0.9155289292891896,0.1081487454223338
0.8618070625610663,0.8065148894533511,0.3472334335431027,0.9121717299574932
0.6276068488151175,0.7636903918493371,0.9830293586126396,0.160510762081505
0.2870976296314246,0.598803862718815,0.2150801211001758,0.4881715357069132
0.8231328373463637,0.3926710578022254,0.6239788719347025,0.8912671953411229
0.7842050739007179,0.2368223678157833,0.7958276865268044,0.1092560463421228
0.345076593867432,0.8244900997126928,0.2505891736009543,0.5918126875553119
0.2261018581898073,0.4713596567637613,0.3726378150763864,0.8248870387413811
0.7796235301062571,0.8558751725800483,0.1691758677485471,0.1740450918493556
0.5943039982355084,0.3223929106091318,0.9168499023008996,0.5935772466942064
0.14077360879484,0.4339348866861424,0.4257279917540785,0.2820287624720814
0.3386821309135529,0.4777545852335101,0.1111636326495833,0.2491733592686986
0.944506411138934,0.2280244318184765,0.9087045442073554,0.4090480319598798
0.8816211783081215,0.7260563318471261,0.392765620620728,0.9520806202230166
0.9782668715162812,0.883872211371477,0.4573135371134725,0.4154684808575456
0.1243863932531351,0.3677936061869385,0.6320172729326649,0.6013364619475317
0.1821580091075202,0.8814441524619328,0.5086014590765034,0.1363157441737297
0.5989186472602607,0.2639061241198294,0.8390784542952039,0.8227018647620534
0.6387926357773329,0.759002397768605,0.3245915798645555,0.662386689646299
0.5424542876051491,0.3319145996600923,0.7760602430275763,0.900215131546009
0.6874714970666872,0.1083984578443839,0.5562283941656512,0.9247784900788596
0.1062569174780716,0.4354196653110825,0.8937349824741796,0.9563416391591084
0.6738017242196918,0.2503305514828677,0.6911020942518646,0.1138554025221776
0.4693446307320668,0.4566178170123929,0.8714613312988777,0.751103036065001
0.1139109548759806,0.784921591848699,0.8701264844537855,0.7319314865636465
0.1820854927438213,0.1374155731453529,0.7805922525551592,0.786072362050864
0.5782191684113333,0.9425910216193208,0.6148437790323708,0.9974641185126554
0.2650640588680905,0.9327234856740992,0.4699860423406359,0.4006449691018923
0.3707904788350927,0.6091587675962119,0.3829151018653736,0.5844987489301421
0.4966864722444053,0.5905242270072445,0.6234600636902742,0.3298027363869197
0.2634379451212831,0.6934185299852045,0.8684064295342003,0.8208826303630284
0.7263767854843282,0.6792199256768725,0.2183402079081834,0.6955158595598708
0.6697913115459412,0.6588239659907293,0.6043965678823959,0.3940682878270367
0.5596725723198092,0.3337784053842936,0.4847407191285536,0.8546426504587223
0.7327170630056601,0.5456318743125769,0.7583468413063261,0.7641256540186229
0.1936977237861164,0.7850093833388422,0.1640424566560895,0.298401403820877
0.8354999801810943,0.719097150070732,0.8840840340367468,0.4211973776539992
0.258748287855601,0.7732658614865789,0.3599964450182491,0.4461499683808914
0.2578341507611046,0.6384027646573649,0.7428939721614978,0.9772215364436964
0.4069597159452327,0.9666928034730952,0.3747796090270582,0.1993886770699924
0.2545113572634732,0.708821143503726,0.7383887456253486,0.3764947753191437
0.5267564461785927,0.1649785680812582,0.2089225004366737,0.6374397753912717
0.6686534909528193,0.5780525752009288,0.554909606119405,0.8053644259677127
0.5766855205204059,0.3708672102521346,0.8096026089279688,0.8457000381154732
0.2889150337860272,0.8752329967270924,0.2724336511613432,0.6515162519828593
0.4448246754245477,0.9398019982092018,0.7251358845279569,0.8815685715522407
0.6701767396848052,0.4016069688332278,0.417137451948689,0.3709414700508817
0.8897248121743476,0.3323200894310147,0.4878866984619666,0.3336188043475443
0.3138737895931597,0.8846591749707088,0.5053158810148713,0.8422689136123068
0.5984688559611887,0.7860566212989542,0.8114588148473965,0.5823415709669064
0.9012374055018246,0.5038242603602776,0.4377969171276417,0.4810016297378777
0.6486079005819072,0.8176834194462352,0.5133386774558926,0.9058114802378524
0.3324199494690625,0.592027671442663,0.6830357013914755,0.5433121636779679
0.9486187335212672,0.7149328872936364,0.7474182601322427,0.2802538160808633
0.2857003465652132,0.1608513072329934,0.1421667176748428,0.8431398564046003
0.5014051956621601,0.3539683672238801,0.8842726307717689,0.2452306225495448
0.8102541147466045,0.8038252789033473,0.4894562224177342,0.6372196214919905
0.2019142412566797,0.1885560847420576,0.7464980578348036,0.1474887320736423
0.2152412550619952,0.4853796534330533,0.3177385122839766,0.2134018250775948
0.2372851386228352,0.7637575235131062,0.9171089144016574,0.9444841557861844
0.1768127184943912,0.735828153838211,0.4049745844048764,0.8234330906741021
0.4770329045540931,0.6908307465983524,0.9275779221904448,0.3729573017643546
0.6849675376999886,0.9879963339404318,0.5556394535456824,0.5365851939815861
0.2008350119512471,0.1728273547461269,0.4310073889805376,0.2561464453195198
0.1682769952977975,0.7256300986428345,0.1645982256038617,0.5085909200797292
0.3182234532712567,0.2371744119973757,0.7849340112257047,0.136053207145625
0.2846256764338064,0.927033880275599,0.1916233146545832,0.6955999592244747
0.492513876221785,0.7498638443824633,0.6967424726230802,0.4556397677250745
0.4388170301902446,0.6827272427391426,0.1172044849867876,0.1765931375078068
0.6358465155880394,0.6812297313896855,0.4227206153723858,0.1616054073094151
0.2663690099729743,0.1191424697653484,0.1735528111721004,0.3378486368427753
0.2596955894017505,0.2177862946465148,0.6409667501202096,0.6016034526157072
0.588380171236819,0.4155642380882627,0.3982123063927457,0.823183893516343
0.6410035105688879,0.3247012079732673,0.1588295418079467,0.7066179271529134
0.5524111209059753,0.6926066511925829,0.4220184387928976,0.6998167427741522
0.1763539426766727,0.9729208414965432,0.5983403368222101,0.4077147502949413
0.1414023778195774,0.9773138459321048,0.2030388742593146,0.9013685654973956
0.680925066316451,0.9713740851232496,0.1710722459717457,0.6546704373331517
0.884314531168946,0.62207758705403,0.2368938549000456,0.8897230419890337
0.9820293177569294,0.4518153963149632,0.8997931722388588,0.8544073789736205
0.7950865525620754,0.6698362380346201,0.1594088597262174,0.6070675280354687
0.5968424627667822,0.5037495678590883,0.3018641349565406,0.9691724888377728
0.772848442158626,0.7923744042772058,0.276249775720843,0.7813433032287629
0.1117850109295002,0.434950321453762,0.453212367606532,0.578414937418058
0.8514372131193692,0.6053361291635714,0.6949128288225883,0.2630649511450745
0.9650715074415228,0.7442424682138797,0.210702965611371,0.3920606201578078
0.9100167776632946,0.2327072740356555,0.5580015000319504,0.642204497769929
0.4828927947547751,0.5523094688170982,0.6356185074151134,0.5722620738952889
0.5998885350423647,0.3453616006601804,0.1128837499003539,0.3694450363348135
0.4008195017352647,0.2674912760616496,0.4938951953333831,0.8491271856948954
0.691851603070309,0.9557772060253692,0.7333173797147162,0.5634400149219335
0.2606901958489003,0.515401726977811,0.9467060684527971,0.9408737027507412
0.5069961468008265,0.3635398330308682,0.126252787280738,0.2991148268014576
0.4973774512360394,0.1044459828409686,0.204525064180473,0.6070558156413761
0.6281570062187912,0.3368013129197585,0.432831930388459,0.8447977470466422
0.953996983528,0.2085101971995509,0.9748047966683834,0.1912356077978432
0.1109390272208347,0.610314634888001,0.3049747624928886,0.117230381197153
0.6250526152895084,0.6730027139504866,0.9645642779618798,0.6191716430194302
0.3329019834400152,0.8973799734125684,0.8741257240144915,0.7640964863511456
0.1418053714479979,0.8460239267356096,0.688757141326667,0.6690539382738758
0.263735317445744,0.2483333341564934,0.7828986283815926,0.7082406325936662
0.6376717919532775,0.4906174295564878,0.9396323763127048,0.3104315497837577
0.3598243630936298,0.6146850441044679,0.8708835013731342,0.1101722829301202
0.1331982526190795,0.8907669877196421,0.8394732079394245,0.431604027924921
0.4111263941535275,0.6734813291274524,0.8138285865970655,0.8438959667723178
0.4309442227534902,0.949254328150839,0.317704445432955,0.1172160697935583
0.953607976265941,0.6337399007681057,0.8635828411814722,0.4112254885693824
0.9067022366690076,0.2692222611538745,0.3542251837330034,0.8496367440168052
0.5821972156672827,0.769157430662447,0.8573027977762839,0.5523681183671174
0.3021443406459838,0.9819732964229656,0.5328011319427081,0.4428921463015599
0.4261545092049698,0.4044407553950485,0.1404201690960543,0.2067793891674222
0.9010048076358096,0.6563401608863072,0.3289524227576623,0.5061647017263294
0.6137004742020207,0.5024822864543521,0.6916181339531157,0.9195451454929796
0.6204521268965566,0.3938151774195927,0.2260216877979859,0.5196787805261531
0.4950742786350725,0.1721033617462076,0.556670744846028,0.7504639770149242
0.2797064039425238,0.8758383858903821,0.7577388684826568,0.9500037244248732
0.1812607930489674,0.2446839064434774,0.5241584506583481,0.1505584696126951
0.4210779940242304,0.4759901039506004,0.5133158898372623,0.6612839004612395
0.6506676052501416,0.7276782405221559,0.9670549907921954,0.3571824921334354
0.3491898833324833,0.6956552708644408,0.343353957746073,0.8606087663464312
